office:
  lat: 58.015513
  lon: 56.233117

homes:
  - name: "Person One"
    lat: 58.010116
    lon: 56.240563

  - name: "Person Two"
    lat: 58.006272
    lon: 56.308911
